3688 1297 2997 1744 3435 177 3576 3551 177 0 0 0 0 0 0 0 0 0 0 0 
3513 1279 2505 2388 327 998 961 0 0 0 0 0 0 0 0 0 0 0 0 0 
2388 327 998 961 2507 1744 1904 0 0 0 0 0 0 0 0 0 0 0 0 0 
2238 7 2169 347 177 372 1744 2828 1593 0 0 0 0 0 0 0 0 0 0 0 
456 1297 568 2505 2114 0 0 0 0 0 0 0 0 0 0 0 0 0 0 0 
3539 1659 1402 1297 903 1659 2500 2943 0 0 0 0 0 0 0 0 0 0 0 0 
1044 2822 2505 1593 961 3466 2871 2505 0 0 0 0 0 0 0 0 0 0 0 0 
3634 2893 2521 177 327 3190 0 0 0 0 0 0 0 0 0 0 0 0 0 0 
2521 177 327 3190 306 177 902 0 0 0 0 0 0 0 0 0 0 0 0 0 
2710 2743 1297 1659 3243 1336 1728 2153 0 0 0 0 0 0 0 0 0 0 0 0 
3243 1336 1728 2153 3633 999 1297 386 2756 900 0 0 0 0 0 0 0 0 0 0 
286 1659 2072 1744 1694 1365 1297 1904 0 0 0 0 0 0 0 0 0 0 0 0 
3148 1728 1827 1759 7 1947 3165 0 0 0 0 0 0 0 0 0 0 0 0 0 
545 1744 1453 1950 961 677 2505 3551 0 0 0 0 0 0 0 0 0 0 0 0 
3243 1336 2016 2087 1171 177 656 0 0 0 0 0 0 0 0 0 0 0 0 0 
339 1744 1761 1950 961 1474 905 2505 177 2893 0 0 0 0 0 0 0 0 0 0 
1927 1719 2878 1870 3640 1719 2878 3072 0 0 0 0 0 0 0 0 0 0 0 0 
2940 1659 1651 1744 1398 2943 1593 0 0 0 0 0 0 0 0 0 0 0 0 0 
2240 7 869 3079 1744 1659 2174 2505 0 0 0 0 0 0 0 0 0 0 0 0 
2265 1591 2655 2810 1659 839 843 0 0 0 0 0 0 0 0 0 0 0 0 0 
2096 248 1659 511 372 1591 2868 0 0 0 0 0 0 0 0 0 0 0 0 0 
431 125 2292 2779 2812 177 0 0 0 0 0 0 0 0 0 0 0 0 0 0 
1928 3413 372 900 1157 1659 2073 1744 339 1744 0 0 0 0 0 0 0 0 0 0 
1711 2736 177 218 177 902 2718 0 0 0 0 0 0 0 0 0 0 0 0 0 
3061 1336 372 1744 900 388 482 2180 892 900 2016 2893 0 0 0 0 0 0 0 0 
1564 1719 3660 3224 372 900 2505 2016 2909 0 0 0 0 0 0 0 0 0 0 0 
100 7 2900 1744 1904 347 1297 3497 0 0 0 0 0 0 0 0 0 0 0 0 
1945 7 1491 1744 1641 2505 961 10 0 0 0 0 0 0 0 0 0 0 0 0 
563 961 1494 1950 1950 2115 372 0 0 0 0 0 0 0 0 0 0 0 0 0 
3050 2505 877 2402 1744 3050 7 0 0 0 0 0 0 0 0 0 0 0 0 0 
2208 177 892 1744 1761 900 785 257 3388 1940 0 0 0 0 0 0 0 0 0 0 
785 257 3388 1940 1940 2588 2617 7 0 0 0 0 0 0 0 0 0 0 0 0 
3388 1940 1940 2588 2617 7 1773 372 0 0 0 0 0 0 0 0 0 0 0 0 
1761 1744 666 2505 3526 3412 786 961 1402 3448 1719 1728 0 0 0 0 0 0 0 0 
138 36 55 2505 2364 3464 0 0 0 0 0 0 0 0 0 0 0 0 0 0 
2888 2874 961 428 1744 2429 1922 1154 0 0 0 0 0 0 0 0 0 0 0 0 
3298 177 2150 1950 961 693 177 982 2167 1728 0 0 0 0 0 0 0 0 0 0 
2167 1728 1491 2910 3323 2893 2223 115 1744 0 0 0 0 0 0 0 0 0 0 0 
2871 2505 1658 2505 1964 1472 381 2505 0 0 0 0 0 0 0 0 0 0 0 0 
1739 2893 1406 410 1427 562 3173 0 0 0 0 0 0 0 0 0 0 0 0 0 
786 2169 2454 843 1162 961 22 2756 0 0 0 0 0 0 0 0 0 0 0 0 
1548 327 2878 961 1651 1744 3152 0 0 0 0 0 0 0 0 0 0 0 0 0 
150 2874 7 1264 372 1950 996 0 0 0 0 0 0 0 0 0 0 0 0 0 
666 164 900 2505 1593 961 31 529 177 1292 2756 0 0 0 0 0 0 0 0 0 
1670 347 177 818 2838 2505 0 0 0 0 0 0 0 0 0 0 0 0 0 0 
280 1744 1761 1950 372 416 3241 552 0 0 0 0 0 0 0 0 0 0 0 0 
3023 961 3194 1651 3063 2154 1894 976 2505 0 0 0 0 0 0 0 0 0 0 0 
1518 1297 905 962 2893 2396 177 0 0 0 0 0 0 0 0 0 0 0 0 0 
2167 1863 1659 2508 2893 2000 3412 2055 2868 0 0 0 0 0 0 0 0 0 0 0 
286 7 1369 372 1744 1659 1329 1719 0 0 0 0 0 0 0 0 0 0 0 0 
1739 1068 248 1659 1143 961 2073 1744 721 0 0 0 0 0 0 0 0 0 0 0 
2871 2505 1649 3222 2893 2508 1297 3709 177 0 0 0 0 0 0 0 0 0 0 0 
2390 2893 1449 1644 2505 3188 1659 0 0 0 0 0 0 0 0 0 0 0 0 0 
1946 3612 2038 1728 2645 0 0 0 0 0 0 0 0 0 0 0 0 0 0 0 
80 2169 1287 2893 891 1728 0 0 0 0 0 0 0 0 0 0 0 0 0 0 
1551 1886 847 1744 1904 2874 961 643 1593 0 0 0 0 0 0 0 0 0 0 0 
1504 875 3072 885 1162 0 0 0 0 0 0 0 0 0 0 0 0 0 0 0 
1339 1728 3148 286 1297 1132 372 0 0 0 0 0 0 0 0 0 0 0 0 0 
2900 1591 1149 2878 961 2825 885 2756 900 0 0 0 0 0 0 0 0 0 0 0 
100 7 372 1744 1904 2874 961 1651 3148 0 0 0 0 0 0 0 0 0 0 0 
876 843 2449 961 287 177 327 0 0 0 0 0 0 0 0 0 0 0 0 0 
2579 2966 1719 458 3148 1728 892 1744 1904 0 0 0 0 0 0 0 0 0 0 0 
643 2505 2893 2929 3448 1728 743 1744 1761 0 0 0 0 0 0 0 0 0 0 0 
2323 3383 2899 632 2264 3626 2505 1739 1068 0 0 0 0 0 0 0 0 0 0 0 
372 1656 2893 125 2292 1297 1856 7 0 0 0 0 0 0 0 0 0 0 0 0 
3598 1149 2878 961 643 1728 2153 2756 0 0 0 0 0 0 0 0 0 0 0 0 
2375 2708 529 702 2874 961 1707 2756 900 0 0 0 0 0 0 0 0 0 0 0 
885 2264 1242 1162 7 1442 1769 1744 1954 2910 0 0 0 0 0 0 0 0 0 0 
509 2505 3323 961 327 2868 2438 372 0 0 0 0 0 0 0 0 0 0 0 0 
1722 1297 612 1566 1744 1000 1593 0 0 0 0 0 0 0 0 0 0 0 0 0 
1050 961 2073 900 2868 3200 1149 2527 2479 900 0 0 0 0 0 0 0 0 0 0 
900 961 2074 2893 2074 1297 2711 974 3323 0 0 0 0 0 0 0 0 0 0 0 
642 2691 177 2893 3656 3569 1659 885 0 0 0 0 0 0 0 0 0 0 0 0 
3667 26 1318 900 381 1719 2505 2556 2952 0 0 0 0 0 0 0 0 0 0 0 
26 1318 900 381 1719 2505 2556 2952 3035 163 0 0 0 0 0 0 0 0 0 0 
347 2544 372 1744 2354 2874 7 2596 372 0 0 0 0 0 0 0 0 0 0 0 
1739 1068 248 1659 1604 511 372 0 0 0 0 0 0 0 0 0 0 0 0 0 
1974 7 193 2874 961 1707 3194 0 0 0 0 0 0 0 0 0 0 0 0 0 
492 2756 900 961 2521 177 2087 1984 0 0 0 0 0 0 0 0 0 0 0 0 
1950 373 2247 961 1651 1744 3525 1728 0 0 0 0 0 0 0 0 0 0 0 0 
856 1836 586 1744 3636 177 3390 2756 900 0 0 0 0 0 0 0 0 0 0 0 
1719 3078 1659 3518 885 287 2505 0 0 0 0 0 0 0 0 0 0 0 0 0 
3688 1297 2073 1728 1827 1219 2505 1843 2479 900 0 0 0 0 0 0 0 0 0 0 
2302 885 1950 2868 696 2088 0 0 0 0 0 0 0 0 0 0 0 0 0 0 
1761 2756 900 961 3691 2893 756 1744 2890 0 0 0 0 0 0 0 0 0 0 0 
1305 2247 1659 1651 1529 3569 1719 163 3448 0 0 0 0 0 0 0 0 0 0 0 
457 2505 1739 7 150 2874 1659 1707 0 0 0 0 0 0 0 0 0 0 0 0 
404 2505 1739 961 3389 2984 26 0 0 0 0 0 0 0 0 0 0 0 0 0 
1670 2505 1659 3083 3083 0 0 0 0 0 0 0 0 0 0 0 0 0 0 0 
3402 900 1593 961 37 1639 2893 0 0 0 0 0 0 0 0 0 0 0 0 0 
2645 2736 177 885 1950 1906 177 0 0 0 0 0 0 0 0 0 0 0 0 0 
2736 177 885 1950 1906 177 3358 2756 900 0 0 0 0 0 0 0 0 0 0 0 
839 961 974 1149 2878 1659 1320 1744 1761 0 0 0 0 0 0 0 0 0 0 0 
3383 2247 2505 2663 1728 381 1297 3079 2562 0 0 0 0 0 0 0 0 0 0 0 
2562 3412 2143 384 1297 1794 1950 0 0 0 0 0 0 0 0 0 0 0 0 0 
100 961 2608 847 1744 1761 900 2868 1769 177 0 0 0 0 0 0 0 0 0 0 
1225 177 3653 2108 318 2237 2169 0 0 0 0 0 0 0 0 0 0 0 0 0 
967 2505 2726 7 3574 1297 1887 2756 900 0 0 0 0 0 0 0 0 0 0 0 
1355 177 2893 671 372 1350 1719 1149 15 0 0 0 0 0 0 0 0 0 0 0 
1350 1719 1149 15 1297 2562 105 1659 0 0 0 0 0 0 0 0 0 0 0 0 
1369 7 372 350 2097 177 2150 2756 900 0 0 0 0 0 0 0 0 0 0 0 
3217 177 386 2756 900 961 449 1719 1149 2878 961 0 0 0 0 0 0 0 0 0 
449 1719 1149 2878 961 3518 1707 1744 1761 1744 0 0 0 0 0 0 0 0 0 0 
1339 7 1491 1744 1954 2910 1728 743 1744 1761 0 0 0 0 0 0 0 0 0 0 
632 2466 900 3547 2893 871 0 0 0 0 0 0 0 0 0 0 0 0 0 0 
871 2874 961 428 2474 1739 177 0 0 0 0 0 0 0 0 0 0 0 0 0 
2874 961 428 2474 1739 177 3390 2756 900 0 0 0 0 0 0 0 0 0 0 0 
3460 7 3462 1886 847 1744 1904 1019 0 0 0 0 0 0 0 0 0 0 0 0 
1739 843 248 1659 3518 885 1000 0 0 0 0 0 0 0 0 0 0 0 0 0 
1297 2575 287 1297 2857 2016 1662 1950 0 0 0 0 0 0 0 0 0 0 0 0 
2910 1863 177 2598 1719 2505 961 1711 0 0 0 0 0 0 0 0 0 0 0 0 
2175 2878 961 643 2505 1297 1126 2237 372 1744 0 0 0 0 0 0 0 0 0 0 
2169 2874 961 1651 2593 2505 3169 3148 0 0 0 0 0 0 0 0 0 0 0 0 
1551 1886 54 2868 1162 2573 177 2893 0 0 0 0 0 0 0 0 0 0 0 0 
2871 177 2276 1297 3467 900 0 0 0 0 0 0 0 0 0 0 0 0 0 0 
2245 961 643 381 885 1109 1365 0 0 0 0 0 0 0 0 0 0 0 0 0 
1593 1995 3222 961 2264 1242 177 2055 2983 0 0 0 0 0 0 0 0 0 0 0 
3222 961 2264 1242 177 2055 2983 3448 1728 2908 0 0 0 0 0 0 0 0 0 0 
1504 875 3072 1739 1068 0 0 0 0 0 0 0 0 0 0 0 0 0 0 0 
1287 961 1995 1719 1728 33 2208 1659 372 1950 0 0 0 0 0 0 0 0 0 0 
2872 2057 1744 1761 2108 2279 959 529 2211 0 0 0 0 0 0 0 0 0 0 0 
2211 1659 224 2167 2081 177 1536 1744 3467 1744 0 0 0 0 0 0 0 0 0 0 
3032 1728 62 847 900 372 2496 2893 2506 2505 253 0 0 0 0 0 0 0 0 0 
2708 1744 2225 900 388 1588 2765 2167 1870 1728 0 0 0 0 0 0 0 0 0 0 
900 388 1588 2765 2167 1870 1728 1827 889 0 0 0 0 0 0 0 0 0 0 0 
2167 1870 1728 1827 889 177 1659 1939 900 0 0 0 0 0 0 0 0 0 0 0 
2584 2756 900 961 818 1149 2878 961 885 0 0 0 0 0 0 0 0 0 0 0 
100 843 3235 1659 1551 1886 0 0 0 0 0 0 0 0 0 0 0 0 0 0 
2022 177 902 451 961 643 2868 0 0 0 0 0 0 0 0 0 0 0 0 0 
885 492 1950 961 1111 2505 2596 2893 0 0 0 0 0 0 0 0 0 0 0 0 
133 1068 248 1297 1659 2254 1052 2505 0 0 0 0 0 0 0 0 0 0 0 0 
3032 1289 1728 2396 2479 900 2795 2505 0 0 0 0 0 0 0 0 0 0 0 0 
3688 1297 1553 2290 1297 3671 2893 0 0 0 0 0 0 0 0 0 0 0 0 0 
2181 2505 3323 2893 2485 1728 2153 1950 0 0 0 0 0 0 0 0 0 0 0 0 
1225 2505 3110 2505 3148 1728 64 0 0 0 0 0 0 0 0 0 0 0 0 0 
477 177 3490 900 566 961 2474 347 177 0 0 0 0 0 0 0 0 0 0 0 
3007 1297 2453 1728 3445 1744 3477 2756 900 0 0 0 0 0 0 0 0 0 0 0 
3672 7 3445 1744 3470 177 3428 608 2505 0 0 0 0 0 0 0 0 0 0 0 
3428 608 2505 3526 2505 218 177 1659 1200 3035 0 0 0 0 0 0 0 0 0 0 
3263 177 1659 1503 2874 961 974 347 0 0 0 0 0 0 0 0 0 0 0 0 
3563 2505 3616 917 961 744 2874 0 0 0 0 0 0 0 0 0 0 0 0 0 
2885 3412 3011 1744 1659 3125 2943 2983 0 0 0 0 0 0 0 0 0 0 0 0 
3359 2893 854 961 85 900 1016 0 0 0 0 0 0 0 0 0 0 0 0 0 
847 900 210 177 3353 280 1744 2655 1967 1659 0 0 0 0 0 0 0 0 0 0 
2112 529 3603 1744 1384 2505 1659 1776 1728 0 0 0 0 0 0 0 0 0 0 0 
529 3603 1744 1384 2505 1659 1776 1728 2153 1950 0 0 0 0 0 0 0 0 0 0 
2063 1297 3282 900 479 3194 489 177 0 0 0 0 0 0 0 0 0 0 0 0 
765 1744 386 1950 1372 2505 347 177 386 0 0 0 0 0 0 0 0 0 0 0 
347 177 386 1950 961 449 1297 1389 1593 0 0 0 0 0 0 0 0 0 0 0 
3688 1659 1976 1297 1524 1744 0 0 0 0 0 0 0 0 0 0 0 0 0 0 
3686 2874 1659 327 372 1113 2169 2874 1659 0 0 0 0 0 0 0 0 0 0 0 
133 1068 381 1297 3079 2735 1149 3075 0 0 0 0 0 0 0 0 0 0 0 0 
876 1659 327 2868 2735 3148 177 949 2701 177 0 0 0 0 0 0 0 0 0 0 
3148 177 949 2701 177 2843 372 3079 1744 1659 0 0 0 0 0 0 0 0 0 0 
133 2878 961 205 1297 1761 1744 2074 1659 0 0 0 0 0 0 0 0 0 0 0 
761 892 1744 816 386 2756 900 0 0 0 0 0 0 0 0 0 0 0 0 0 
543 1092 177 892 1744 1744 561 0 0 0 0 0 0 0 0 0 0 0 0 0 
710 1297 123 1769 1744 1761 2108 0 0 0 0 0 0 0 0 0 0 0 0 0 
3622 961 2167 1501 2893 1754 3215 1950 0 0 0 0 0 0 0 0 0 0 0 0 
1868 1728 3584 1006 214 1950 1136 1743 0 0 0 0 0 0 0 0 0 0 0 0 
1127 1297 2204 2828 1719 2505 0 0 0 0 0 0 0 0 0 0 0 0 0 0 
2532 3142 1225 177 2585 2874 961 3584 0 0 0 0 0 0 0 0 0 0 0 0 
3389 177 3467 900 566 961 2474 1728 2153 1950 0 0 0 0 0 0 0 0 0 0 
1739 1068 248 1659 3518 885 886 1659 0 0 0 0 0 0 0 0 0 0 0 0 
2390 2893 2276 1297 625 2169 0 0 0 0 0 0 0 0 0 0 0 0 0 0 
2169 381 1297 3079 1711 286 1297 0 0 0 0 0 0 0 0 0 0 0 0 0 
248 1659 2000 720 1659 2382 372 1950 2868 0 0 0 0 0 0 0 0 0 0 0 
347 1719 2486 40 2893 2761 2167 347 177 0 0 0 0 0 0 0 0 0 0 0 
3688 1659 327 2868 3194 1000 1593 0 0 0 0 0 0 0 0 0 0 0 0 0 
311 1707 1950 1265 1365 2724 1178 0 0 0 0 0 0 0 0 0 0 0 0 0 
1739 1068 248 961 511 372 1744 1761 1744 1769 0 0 0 0 0 0 0 0 0 0 
3344 1659 1175 2874 3079 2117 177 0 0 0 0 0 0 0 0 0 0 0 0 0 
36 2505 862 1886 177 1498 1886 847 896 0 0 0 0 0 0 0 0 0 0 0 
2313 1659 1126 2262 3072 1659 3688 1297 0 0 0 0 0 0 0 0 0 0 0 0 
2795 2505 977 210 961 327 0 0 0 0 0 0 0 0 0 0 0 0 0 0 
2508 2893 1582 3467 1744 1659 2247 961 643 1593 0 0 0 0 0 0 0 0 0 0 
1225 2505 3598 3323 961 1320 1744 1761 0 0 0 0 0 0 0 0 0 0 0 0 
839 843 218 177 3194 1000 1593 0 0 0 0 0 0 0 0 0 0 0 0 0 
1225 7 1132 974 351 1719 2983 0 0 0 0 0 0 0 0 0 0 0 0 0 
3688 1297 1524 1744 1761 1744 2871 2505 0 0 0 0 0 0 0 0 0 0 0 0 
2468 2701 177 3467 900 1863 177 2893 2159 961 0 0 0 0 0 0 0 0 0 0 
1886 847 1744 1761 1744 1651 2505 3268 1297 3717 1744 0 0 0 0 0 0 0 0 0 
2997 26 2167 793 961 2000 1242 2016 885 2756 900 0 0 0 0 0 0 0 0 0 
3518 2505 1014 961 205 1297 1761 0 0 0 0 0 0 0 0 0 0 0 0 0 
1412 3194 511 372 1744 1761 1950 1599 2857 0 0 0 0 0 0 0 0 0 0 0 
1350 1719 1149 2878 2893 3198 1255 3035 163 0 0 0 0 0 0 0 0 0 0 0 
1739 961 2855 1289 2169 2874 1659 885 0 0 0 0 0 0 0 0 0 0 0 0 
2237 372 1744 2836 372 2756 900 961 3612 0 0 0 0 0 0 0 0 0 0 0 
3612 1870 1536 1744 1904 36 2893 1197 961 0 0 0 0 0 0 0 0 0 0 0 
2262 1659 1743 1744 3194 1000 1593 0 0 0 0 0 0 0 0 0 0 0 0 0 
633 1593 961 3615 1297 2237 372 1744 0 0 0 0 0 0 0 0 0 0 0 0 
2464 2854 36 843 1961 7 2237 372 1744 0 0 0 0 0 0 0 0 0 0 0 
564 961 1491 54 3457 1870 1752 0 0 0 0 0 0 0 0 0 0 0 0 0 
3518 2505 1014 961 2815 0 0 0 0 0 0 0 0 0 0 0 0 0 0 0 
900 961 3148 2505 2772 55 961 307 372 0 0 0 0 0 0 0 0 0 0 0 
2189 2260 2237 372 1566 892 1744 1761 1744 0 0 0 0 0 0 0 0 0 0 0 
3148 1719 2868 287 177 2354 359 1000 1593 0 0 0 0 0 0 0 0 0 0 0 
3364 2893 3078 1821 3222 0 0 0 0 0 0 0 0 0 0 0 0 0 0 0 
900 381 2479 900 961 1781 539 1728 1510 0 0 0 0 0 0 0 0 0 0 0 
3505 372 2756 900 961 3194 2577 2505 0 0 0 0 0 0 0 0 0 0 0 0 
3576 2701 177 597 1309 384 1297 1870 0 0 0 0 0 0 0 0 0 0 0 0 
2208 7 1816 900 3268 961 2175 2016 1728 2153 2756 0 0 0 0 0 0 0 0 0 
2063 7 2237 372 2167 1728 1226 2167 1171 0 0 0 0 0 0 0 0 0 0 0 
1287 177 3452 2505 2340 0 0 0 0 0 0 0 0 0 0 0 0 0 0 0 
182 843 2780 55 1297 1149 839 1659 0 0 0 0 0 0 0 0 0 0 0 0 
839 1659 1922 372 218 2169 2063 0 0 0 0 0 0 0 0 0 0 0 0 0 
1297 622 1440 961 1027 2451 0 0 0 0 0 0 0 0 0 0 0 0 0 0 
3703 2505 100 961 2073 1744 1744 2885 0 0 0 0 0 0 0 0 0 0 0 0 
1534 1728 2893 2325 2580 1719 449 1719 0 0 0 0 0 0 0 0 0 0 0 0 
1660 2505 3388 2695 1659 1665 0 0 0 0 0 0 0 0 0 0 0 0 0 0 
240 7 1889 1744 1904 1870 1728 3136 2818 7 0 0 0 0 0 0 0 0 0 0 
1904 1870 1728 3136 2818 7 3094 1744 3653 1744 0 0 0 0 0 0 0 0 0 0 
100 2505 1259 1749 2574 286 2893 0 0 0 0 0 0 0 0 0 0 0 0 0 
2717 1149 133 2763 2871 2505 0 0 0 0 0 0 0 0 0 0 0 0 0 0 
2169 2874 1659 885 839 1297 902 2874 1659 0 0 0 0 0 0 0 0 0 0 0 
372 1744 1761 1950 3285 1297 2893 2854 100 961 0 0 0 0 0 0 0 0 0 0 
3323 3148 7 1369 381 1297 94 961 0 0 0 0 0 0 0 0 0 0 0 0 
2933 3368 1952 529 3445 1744 1314 2756 0 0 0 0 0 0 0 0 0 0 0 0 
3291 3194 2175 717 177 3390 2756 900 0 0 0 0 0 0 0 0 0 0 0 0 
1739 7 209 177 150 2874 961 1707 0 0 0 0 0 0 0 0 0 0 0 0 
1669 177 902 1728 3444 1744 1659 2281 1297 2893 0 0 0 0 0 0 0 0 0 0 
2390 2893 1667 177 3467 900 961 587 0 0 0 0 0 0 0 0 0 0 0 0 
2714 1728 3612 177 3599 2997 900 2228 177 0 0 0 0 0 0 0 0 0 0 0 
2719 3148 1593 1599 3024 1297 3092 1297 1659 0 0 0 0 0 0 0 0 0 0 0 
1950 1599 3148 7 2237 3634 1097 0 0 0 0 0 0 0 0 0 0 0 0 0 
2237 177 1659 1000 1593 3148 286 177 0 0 0 0 0 0 0 0 0 0 0 0 
900 2811 1297 327 674 2871 2505 1964 1297 0 0 0 0 0 0 0 0 0 0 0 
2871 2505 1964 1297 327 1711 0 0 0 0 0 0 0 0 0 0 0 0 0 0 
1739 843 3078 961 511 372 0 0 0 0 0 0 0 0 0 0 0 0 0 0 
643 2505 961 352 1593 961 1553 1659 0 0 0 0 0 0 0 0 0 0 0 0 
1553 1659 1201 177 1126 1744 2711 372 0 0 0 0 0 0 0 0 0 0 0 0 
1225 177 2997 2108 1491 2910 3323 1995 0 0 0 0 0 0 0 0 0 0 0 0 
1911 2505 860 1297 3569 961 2352 1719 0 0 0 0 0 0 0 0 0 0 0 0 
1524 1744 1761 1744 1553 961 2175 2983 1297 0 0 0 0 0 0 0 0 0 0 0 
2789 1289 372 1950 372 36 177 3688 1728 0 0 0 0 0 0 0 0 0 0 0 
511 372 1591 2868 2247 2893 643 1593 0 0 0 0 0 0 0 0 0 0 0 0 
862 586 1744 1541 177 2893 3059 372 900 0 0 0 0 0 0 0 0 0 0 0 
1743 177 2893 45 1068 2763 2505 1651 2505 1149 0 0 0 0 0 0 0 0 0 0 
1739 1068 248 1659 218 7 2169 479 0 0 0 0 0 0 0 0 0 0 0 0 
2073 900 2868 1166 177 2997 1744 1769 1744 1954 849 900 0 0 0 0 0 0 0 0 
1739 1068 248 961 2138 1886 847 1744 1761 1744 0 0 0 0 0 0 0 0 0 0 
1151 506 2499 833 1659 885 1950 961 306 0 0 0 0 0 0 0 0 0 0 0 
3636 177 2893 1412 2167 347 1719 2208 961 372 1950 0 0 0 0 0 0 0 0 0 
1349 1950 3124 2505 3241 328 0 0 0 0 0 0 0 0 0 0 0 0 0 0 
3148 1719 2868 2247 2505 862 1886 177 1796 372 0 0 0 0 0 0 0 0 0 0 
1359 177 1659 2652 1744 1761 1744 1553 1659 0 0 0 0 0 0 0 0 0 0 0 
2965 961 473 1886 847 134 2965 1659 0 0 0 0 0 0 0 0 0 0 0 0 
1582 2997 1744 1659 2247 961 1651 1744 2795 2505 0 0 0 0 0 0 0 0 0 0 
2526 1659 407 2756 900 1599 1072 0 0 0 0 0 0 0 0 0 0 0 0 0 
1739 843 3078 177 245 1659 0 0 0 0 0 0 0 0 0 0 0 0 0 0 
3688 2505 1924 961 885 2577 961 0 0 0 0 0 0 0 0 0 0 0 0 0 
643 2868 3082 491 2526 1659 0 0 0 0 0 0 0 0 0 0 0 0 0 0 
2526 1659 2350 2016 1728 2153 1950 0 0 0 0 0 0 0 0 0 0 0 0 0 
278 961 885 36 7 3494 1591 1734 0 0 0 0 0 0 0 0 0 0 0 0 
36 7 3494 1591 1734 177 1659 3295 1950 372 0 0 0 0 0 0 0 0 0 0 
3518 2505 3268 961 2028 7 41 1289 372 0 0 0 0 0 0 0 0 0 0 0 
2856 2505 477 177 327 1711 0 0 0 0 0 0 0 0 0 0 0 0 0 0 
704 51 961 2681 1445 1719 3460 0 0 0 0 0 0 0 0 0 0 0 0 0 
2159 2505 1236 2505 1348 2011 2893 0 0 0 0 0 0 0 0 0 0 0 0 0 
2577 1659 1000 961 1126 1744 1571 900 2505 0 0 0 0 0 0 0 0 0 0 0 
1743 3072 2684 1744 2236 1744 3032 2756 900 0 0 0 0 0 0 0 0 0 0 0 
1739 1068 248 1659 3321 885 2756 900 0 0 0 0 0 0 0 0 0 0 0 0 
1761 2167 2868 492 1018 1728 2153 1950 0 0 0 0 0 0 0 0 0 0 0 0 
900 961 2013 900 3323 7 2223 177 150 2874 961 0 0 0 0 0 0 0 0 0 
1739 1068 248 843 1838 1068 248 2763 0 0 0 0 0 0 0 0 0 0 0 0 
182 1659 327 372 1406 3526 1292 1950 0 0 0 0 0 0 0 0 0 0 0 0 
3526 1292 1950 1599 839 1659 1711 0 0 0 0 0 0 0 0 0 0 0 0 0 
2175 3148 2893 2506 177 2893 2167 163 3276 2167 2016 524 0 0 0 0 0 0 0 0 
1876 900 1998 565 1593 961 2074 0 0 0 0 0 0 0 0 0 0 0 0 0 
100 177 332 2169 1728 1149 2527 1719 2874 0 0 0 0 0 0 0 0 0 0 0 
902 1259 2893 1162 1130 1297 2890 0 0 0 0 0 0 0 0 0 0 0 0 0 
900 1599 3612 2893 2276 2505 947 2505 0 0 0 0 0 0 0 0 0 0 0 0 
1743 177 2893 245 2763 1659 885 1950 372 0 0 0 0 0 0 0 0 0 0 0 
2474 1171 568 961 2733 1744 0 0 0 0 0 0 0 0 0 0 0 0 0 0 
2220 1157 3025 2736 177 327 0 0 0 0 0 0 0 0 0 0 0 0 0 0 
809 900 2228 2505 2766 177 1711 0 0 0 0 0 0 0 0 0 0 0 0 0 
3397 2960 2505 1739 1593 1728 1684 2260 0 0 0 0 0 0 0 0 0 0 0 0 
287 177 279 1336 2016 3202 3363 1761 1950 1599 1599 994 0 0 0 0 0 0 0 0 
1126 1800 1166 2893 2317 961 1998 0 0 0 0 0 0 0 0 0 0 0 0 0 
2874 1297 1166 1769 2108 2308 672 1744 0 0 0 0 0 0 0 0 0 0 0 0 
3448 1728 216 443 1719 2505 2016 1728 1153 3624 1769 177 0 0 0 0 0 0 0 0 
1957 1886 7 443 529 177 377 3148 0 0 0 0 0 0 0 0 0 0 0 0 
529 177 377 3148 2893 2506 177 2167 347 1719 2208 961 0 0 0 0 0 0 0 0 
1904 479 327 2868 1265 3565 1744 0 0 0 0 0 0 0 0 0 0 0 0 0 
3707 2763 618 1320 1744 1761 1950 1599 2468 0 0 0 0 0 0 0 0 0 0 0 
1987 2505 1219 1659 1162 7 3195 2874 961 1707 0 0 0 0 0 0 0 0 0 0 
1553 2505 1390 961 3346 847 1950 1901 0 0 0 0 0 0 0 0 0 0 0 0 
1950 1901 1297 2247 1659 643 3148 2479 900 0 0 0 0 0 0 0 0 0 0 0 
2410 177 2893 1149 2878 1659 3518 280 1744 1761 0 0 0 0 0 0 0 0 0 0 
2237 372 1744 1761 1950 961 3194 432 210 0 0 0 0 0 0 0 0 0 0 0 
3518 2505 2247 1297 1113 372 1744 1761 1950 0 0 0 0 0 0 0 0 0 0 0 
3079 1744 2474 2063 961 3194 1000 1593 0 0 0 0 0 0 0 0 0 0 0 0 
1375 1035 961 1491 26 2756 900 0 0 0 0 0 0 0 0 0 0 0 0 0 
100 1659 1651 1162 7 2229 177 0 0 0 0 0 0 0 0 0 0 0 0 0 
839 1659 372 2943 1599 1261 666 2505 3526 177 0 0 0 0 0 0 0 0 0 0 
133 1068 248 961 3353 885 3671 0 0 0 0 0 0 0 0 0 0 0 0 0 
3258 1297 839 1583 1006 2152 0 0 0 0 0 0 0 0 0 0 0 0 0 0 
3359 2893 472 1670 0 0 0 0 0 0 0 0 0 0 0 0 0 0 0 0 
1719 3470 177 2710 2520 1035 7 0 0 0 0 0 0 0 0 0 0 0 0 0 
3359 2893 1231 1870 2505 2478 0 0 0 0 0 0 0 0 0 0 0 0 0 0 
1297 3470 2505 3622 961 3578 3390 2756 900 0 0 0 0 0 0 0 0 0 0 0 
286 177 2907 961 1707 1744 1761 1289 372 1744 0 0 0 0 0 0 0 0 0 0 
2577 2505 1553 961 2175 3148 3448 1719 1728 0 0 0 0 0 0 0 0 0 0 0 
1553 961 2175 3148 3448 1719 1728 2153 2756 0 0 0 0 0 0 0 0 0 0 0 
839 843 218 177 1200 3035 163 2479 0 0 0 0 0 0 0 0 0 0 0 0 
567 2505 3148 1711 1711 0 0 0 0 0 0 0 0 0 0 0 0 0 0 0 
643 177 1659 6 529 3148 1705 2960 2505 0 0 0 0 0 0 0 0 0 0 0 
909 1886 847 2756 900 961 2508 3359 2893 0 0 0 0 0 0 0 0 0 0 0 
2409 177 1365 1297 2893 1761 2756 900 961 3148 2505 0 0 0 0 0 0 0 0 0 
2508 381 1297 1406 3526 2410 1761 2858 1984 0 0 0 0 0 0 0 0 0 0 0 
3054 177 3606 1047 961 885 0 0 0 0 0 0 0 0 0 0 0 0 0 0 
1553 961 2175 2868 1162 2573 177 1659 0 0 0 0 0 0 0 0 0 0 0 0 
2882 1744 1904 2868 3194 1000 1593 0 0 0 0 0 0 0 0 0 0 0 0 0 
1739 1068 248 7 803 1769 1744 3414 0 0 0 0 0 0 0 0 0 0 0 0 
1719 1359 961 280 1744 1904 961 2061 2893 0 0 0 0 0 0 0 0 0 0 0 
1719 2948 1659 1201 177 3402 900 0 0 0 0 0 0 0 0 0 0 0 0 0 
2836 177 2276 1297 386 2756 900 0 0 0 0 0 0 0 0 0 0 0 0 0 
791 2169 3139 1659 3259 2868 0 0 0 0 0 0 0 0 0 0 0 0 0 0 
3263 177 1728 2000 2016 177 1331 1744 1000 1593 0 0 0 0 0 0 0 0 0 0 
3333 1659 1651 1201 177 2352 1297 0 0 0 0 0 0 0 0 0 0 0 0 0 
2127 843 3263 1297 1659 1126 583 3148 0 0 0 0 0 0 0 0 0 0 0 0 
1531 2505 1346 1870 1629 1297 0 0 0 0 0 0 0 0 0 0 0 0 0 0 
1739 7 1769 1289 973 1095 2756 0 0 0 0 0 0 0 0 0 0 0 0 0 
1225 2505 3110 177 2150 2247 961 0 0 0 0 0 0 0 0 0 0 0 0 0 
1739 7 3445 1744 1761 1318 900 2505 1593 961 0 0 0 0 0 0 0 0 0 0 
1761 1318 900 2505 1593 961 3148 177 695 900 0 0 0 0 0 0 0 0 0 0 
3445 900 2868 2887 2505 372 2167 3323 1659 624 0 0 0 0 0 0 0 0 0 0 
72 2505 2948 961 3402 900 0 0 0 0 0 0 0 0 0 0 0 0 0 0 
2577 2505 1000 961 1126 1744 1225 7 0 0 0 0 0 0 0 0 0 0 0 0 
1269 1297 2247 961 643 1728 175 1006 3148 0 0 0 0 0 0 0 0 0 0 0 
2871 2505 3110 2505 3464 0 0 0 0 0 0 0 0 0 0 0 0 0 0 0 
803 1719 479 177 1835 847 900 984 0 0 0 0 0 0 0 0 0 0 0 0 
1614 1744 1904 1711 1711 0 0 0 0 0 0 0 0 0 0 0 0 0 0 0 
1162 2629 1849 7 1804 1006 3138 0 0 0 0 0 0 0 0 0 0 0 0 0 
3622 961 3108 2505 7 3494 1744 1904 3337 961 0 0 0 0 0 0 0 0 0 0 
2505 7 3494 1744 1904 3337 961 3316 1744 1761 0 0 0 0 0 0 0 0 0 0 
1719 1162 7 2392 793 961 643 2208 961 0 0 0 0 0 0 0 0 0 0 0 
1225 2505 220 1297 327 1711 0 0 0 0 0 0 0 0 0 0 0 0 0 0 
885 2371 328 2505 2439 961 925 0 0 0 0 0 0 0 0 0 0 0 0 0 
2658 961 137 177 109 0 0 0 0 0 0 0 0 0 0 0 0 0 0 0 
2237 2169 2247 1659 1638 1950 1488 3466 0 0 0 0 0 0 0 0 0 0 0 0 
1824 2756 900 2868 2835 961 2237 2169 0 0 0 0 0 0 0 0 0 0 0 0 
2253 2108 3362 177 219 1744 344 3123 0 0 0 0 0 0 0 0 0 0 0 0 
2510 7 2430 177 372 1744 3256 2874 7 0 0 0 0 0 0 0 0 0 0 0 
1739 1068 248 1659 511 372 1744 2756 900 0 0 0 0 0 0 0 0 0 0 0 
19 843 234 1870 2505 99 2505 0 0 0 0 0 0 0 0 0 0 0 0 0 
2871 2505 3110 1297 996 0 0 0 0 0 0 0 0 0 0 0 0 0 0 0 
1711 1593 961 3691 1297 2893 1160 0 0 0 0 0 0 0 0 0 0 0 0 0 
1739 7 150 1343 3194 1000 1593 0 0 0 0 0 0 0 0 0 0 0 0 0 
1297 3079 1744 1659 1799 1297 3016 1517 0 0 0 0 0 0 0 0 0 0 0 0 
766 1744 3518 2505 683 961 280 1744 1761 0 0 0 0 0 0 0 0 0 0 0 
900 1599 973 2285 177 2508 1297 1292 2451 0 0 0 0 0 0 0 0 0 0 0 
586 529 1625 586 529 1347 1719 3148 1297 2878 0 0 0 0 0 0 0 0 0 0 
3339 3092 3412 2055 1728 2153 1950 0 0 0 0 0 0 0 0 0 0 0 0 0 
1739 2505 1630 1659 1905 1297 3598 0 0 0 0 0 0 0 0 0 0 0 0 0 
1225 2505 292 1297 193 2874 961 1707 0 0 0 0 0 0 0 0 0 0 0 0 
3565 1744 1950 2871 177 3467 900 2228 0 0 0 0 0 0 0 0 0 0 0 0 
1242 1659 2182 3351 2237 2071 1297 1659 0 0 0 0 0 0 0 0 0 0 0 0 
660 177 3658 2505 961 2474 1728 2153 1950 0 0 0 0 0 0 0 0 0 0 0 
1739 843 248 1659 3518 885 2037 177 0 0 0 0 0 0 0 0 0 0 0 0 
206 1297 1659 885 1530 1000 1593 0 0 0 0 0 0 0 0 0 0 0 0 0 
3498 1744 2158 1870 839 1659 0 0 0 0 0 0 0 0 0 0 0 0 0 0 
287 177 2321 1336 2016 1719 1728 1265 492 1950 0 0 0 0 0 0 0 0 0 0 
218 2169 479 1659 2831 511 372 0 0 0 0 0 0 0 0 0 0 0 0 0 
839 2893 3148 1297 2345 3448 1728 2153 0 0 0 0 0 0 0 0 0 0 0 0 
1735 961 1707 900 2868 386 2756 900 1017 0 0 0 0 0 0 0 0 0 0 0 
1761 1744 786 2169 177 2893 1000 3448 1728 2153 0 0 0 0 0 0 0 0 0 0 
3247 2513 248 961 2305 1297 3612 177 0 0 0 0 0 0 0 0 0 0 0 0 
3448 1728 443 2756 900 1599 3092 3412 885 1950 523 0 0 0 0 0 0 0 0 0 
443 2756 900 1599 3092 3412 885 1950 523 1599 2483 0 0 0 0 0 0 0 0 0 
1630 2505 1149 3670 961 2882 1744 0 0 0 0 0 0 0 0 0 0 0 0 0 
182 177 3597 1719 2868 1739 177 0 0 0 0 0 0 0 0 0 0 0 0 0 
327 2828 1297 3119 961 2643 177 425 0 0 0 0 0 0 0 0 0 0 0 0 
3688 2505 3148 1297 2871 567 2505 0 0 0 0 0 0 0 0 0 0 0 0 0 
839 1728 64 1006 2706 395 2479 900 0 0 0 0 0 0 0 0 0 0 0 0 
1297 2575 1596 7 3148 1297 2169 0 0 0 0 0 0 0 0 0 0 0 0 0 
1553 1659 2474 372 1961 2505 195 0 0 0 0 0 0 0 0 0 0 0 0 0 
688 2032 864 3072 3709 177 3428 1950 0 0 0 0 0 0 0 0 0 0 0 0 
864 3072 3709 177 3428 1950 1711 0 0 0 0 0 0 0 0 0 0 0 0 0 
1807 177 3458 961 2073 900 3526 177 0 0 0 0 0 0 0 0 0 0 0 0 
2247 2893 134 1346 1297 1659 643 1593 0 0 0 0 0 0 0 0 0 0 0 0 
3566 1659 428 1744 466 2505 242 0 0 0 0 0 0 0 0 0 0 0 0 0 
900 2505 1593 961 1604 1000 1297 1796 0 0 0 0 0 0 0 0 0 0 0 0 
3025 2505 2237 2893 3574 303 1593 0 0 0 0 0 0 0 0 0 0 0 0 0 
1739 961 618 599 1744 1904 679 0 0 0 0 0 0 0 0 0 0 0 0 0 
2655 1800 3530 2893 2247 961 643 1593 0 0 0 0 0 0 0 0 0 0 0 0 
899 1886 847 1744 2731 3148 177 3597 372 0 0 0 0 0 0 0 0 0 0 0 
2655 2302 100 1659 2854 1551 1886 0 0 0 0 0 0 0 0 0 0 0 0 0 
2761 2167 347 177 1664 7 372 1744 3256 2505 0 0 0 0 0 0 0 0 0 0 
2390 2893 470 177 2045 1739 7 0 0 0 0 0 0 0 0 0 0 0 0 0 
1739 7 3389 177 386 2756 900 2740 3288 2505 0 0 0 0 0 0 0 0 0 0 
2122 177 2893 2551 248 2505 3338 0 0 0 0 0 0 0 0 0 0 0 0 0 
182 1297 3304 7 1773 372 0 0 0 0 0 0 0 0 0 0 0 0 0 0 
68 2505 2228 177 2359 1724 900 2505 429 2505 0 0 0 0 0 0 0 0 0 0 
2803 7 1773 372 900 2505 1593 961 1642 0 0 0 0 0 0 0 0 0 0 0 
494 157 2588 2588 2617 7 2749 372 0 0 0 0 0 0 0 0 0 0 0 0 
666 1297 2506 2505 2983 177 786 372 2336 900 0 0 0 0 0 0 0 0 0 0 
1945 843 3618 2763 7 3148 2736 1297 0 0 0 0 0 0 0 0 0 0 0 0 
1300 2505 2228 2893 693 177 3148 177 3467 0 0 0 0 0 0 0 0 0 0 0 
3688 1297 2262 177 902 2505 1659 1000 0 0 0 0 0 0 0 0 0 0 0 0 
2836 2893 2574 1297 1462 2424 2937 0 0 0 0 0 0 0 0 0 0 0 0 0 
2874 2505 327 3268 2893 1000 177 60 961 0 0 0 0 0 0 0 0 0 0 0 
745 2505 3036 2063 2960 3467 900 347 1593 0 0 0 0 0 0 0 0 0 0 0 
3143 2330 177 452 3174 7 3236 372 0 0 0 0 0 0 0 0 0 0 0 0 
487 2893 1088 177 2893 3709 961 1682 0 0 0 0 0 0 0 0 0 0 0 0 
3709 961 1682 3035 163 961 223 3292 2505 0 0 0 0 0 0 0 0 0 0 0 
1657 177 327 2377 7 1954 1744 71 0 0 0 0 0 0 0 0 0 0 0 0 
2073 900 2868 2410 7 3512 372 1744 2756 900 0 0 0 0 0 0 0 0 0 0 
773 1707 1950 372 1680 1659 2264 3624 1149 0 0 0 0 0 0 0 0 0 0 0 
3657 1593 1599 2871 2505 477 1728 0 0 0 0 0 0 0 0 0 0 0 0 0 
2871 2505 477 1728 159 3148 1719 2868 0 0 0 0 0 0 0 0 0 0 0 0 
2159 2505 3285 1297 2893 2854 1329 1719 0 0 0 0 0 0 0 0 0 0 0 0 
2594 2034 157 2588 2617 1474 1993 2016 1719 0 0 0 0 0 0 0 0 0 0 0 
3562 2505 961 442 1262 900 440 1728 0 0 0 0 0 0 0 0 0 0 0 0 
3126 3072 3080 961 327 2505 1659 1000 0 0 0 0 0 0 0 0 0 0 0 0 
1225 2960 2571 900 2868 666 177 31 0 0 0 0 0 0 0 0 0 0 0 0 
766 1744 2676 1092 1719 3148 2479 900 0 0 0 0 0 0 0 0 0 0 0 0 
3688 1297 1553 1707 1744 1000 1593 0 0 0 0 0 0 0 0 0 0 0 0 0 
1739 1068 248 1659 449 1719 1072 2505 0 0 0 0 0 0 0 0 0 0 0 0 
2034 1805 25 2479 900 961 2212 1659 0 0 0 0 0 0 0 0 0 0 0 0 
2577 2505 2313 1659 3205 1000 2479 0 0 0 0 0 0 0 0 0 0 0 0 0 
339 1744 2655 1950 1599 1162 2573 177 1659 0 0 0 0 0 0 0 0 0 0 0 
1950 1599 1162 2573 177 1659 2474 1593 1599 3263 0 0 0 0 0 0 0 0 0 0 
3609 1297 3271 1016 961 885 2756 900 0 0 0 0 0 0 0 0 0 0 0 0 
3659 428 2756 900 1599 2390 2993 0 0 0 0 0 0 0 0 0 0 0 0 0 
3430 177 1961 7 2237 428 2756 900 0 0 0 0 0 0 0 0 0 0 0 0 
839 1659 1739 2012 7 1992 2505 1659 0 0 0 0 0 0 0 0 0 0 0 0 
3185 3694 1599 1731 1739 1659 0 0 0 0 0 0 0 0 0 0 0 0 0 0 
1592 177 885 1950 1599 3364 961 761 0 0 0 0 0 0 0 0 0 0 0 0 
456 2505 3148 1728 3022 1744 3024 3448 1728 0 0 0 0 0 0 0 0 0 0 0 
2375 2708 529 177 3686 2874 961 428 2756 900 0 0 0 0 0 0 0 0 0 0 
974 3148 1593 1599 2278 2437 7 2906 1297 1954 0 0 0 0 0 0 0 0 0 0 
3467 1744 1761 2756 900 961 3313 2483 3217 177 0 0 0 0 0 0 0 0 0 0 
2108 1389 1297 1039 2943 2582 961 0 0 0 0 0 0 0 0 0 0 0 0 0 
1821 7 744 1149 2878 843 2220 0 0 0 0 0 0 0 0 0 0 0 0 0 
839 372 1566 2835 2505 721 1719 2878 0 0 0 0 0 0 0 0 0 0 0 0 
2968 2167 347 1719 2744 1067 1297 0 0 0 0 0 0 0 0 0 0 0 0 0 
3598 1149 218 1659 3710 1886 847 1744 1950 0 0 0 0 0 0 0 0 0 0 0 
3569 3215 2410 177 1344 1331 1744 2474 0 0 0 0 0 0 0 0 0 0 0 0 
1553 1659 372 1566 2831 1000 1593 0 0 0 0 0 0 0 0 0 0 0 0 0 
902 3551 177 2276 177 1189 2756 900 0 0 0 0 0 0 0 0 0 0 0 0 
808 961 1604 1365 1297 1761 2756 900 961 0 0 0 0 0 0 0 0 0 0 0 
2888 2874 961 1707 1744 1201 177 3698 3035 163 0 0 0 0 0 0 0 0 0 0 
885 2698 1162 193 2874 961 1707 0 0 0 0 0 0 0 0 0 0 0 0 0 
2588 2617 1297 913 3445 1744 2517 7 0 0 0 0 0 0 0 0 0 0 0 0 
548 2451 2479 900 961 232 164 900 2868 0 0 0 0 0 0 0 0 0 0 0 
892 1744 2655 2375 372 2167 347 177 892 0 0 0 0 0 0 0 0 0 0 0 
893 3580 721 1719 2868 2175 2842 2479 0 0 0 0 0 0 0 0 0 0 0 0 
3285 1297 2893 100 1659 2854 2608 847 0 0 0 0 0 0 0 0 0 0 0 0 
183 2167 780 1719 125 1593 3324 0 0 0 0 0 0 0 0 0 0 0 0 0 
2240 1297 3040 7 384 1297 1904 2247 961 0 0 0 0 0 0 0 0 0 0 0 
2829 1744 1384 1198 2893 327 2016 1728 2153 1950 0 0 0 0 0 0 0 0 0 0 
2508 1297 1749 3709 177 483 2167 800 2012 7 0 0 0 0 0 0 0 0 0 0 
3709 177 483 2167 800 2012 7 2670 1744 0 0 0 0 0 0 0 0 0 0 0 
2410 2893 1582 2025 1659 3194 3024 1593 0 0 0 0 0 0 0 0 0 0 0 0 
3518 2505 1739 248 843 2645 0 0 0 0 0 0 0 0 0 0 0 0 0 0 
643 2868 868 1000 1593 1599 659 0 0 0 0 0 0 0 0 0 0 0 0 0 
1553 961 2175 2868 1265 2237 372 1744 0 0 0 0 0 0 0 0 0 0 0 0 
3415 747 1728 372 900 2836 372 2910 1863 2893 0 0 0 0 0 0 0 0 0 0 
747 1728 372 900 2836 372 2910 1863 2893 327 0 0 0 0 0 0 0 0 0 0 
321 1728 1149 2878 961 511 372 1591 2868 0 0 0 0 0 0 0 0 0 0 0 
2871 2893 2098 2505 2768 1719 0 0 0 0 0 0 0 0 0 0 0 0 0 0 
372 1744 1761 1950 3078 961 1329 1719 0 0 0 0 0 0 0 0 0 0 0 0 
56 2505 1563 1297 2706 1728 0 0 0 0 0 0 0 0 0 0 0 0 0 0 
2743 2505 3380 248 177 386 2756 900 0 0 0 0 0 0 0 0 0 0 0 0 
832 1412 3539 2048 986 372 0 0 0 0 0 0 0 0 0 0 0 0 0 0 
986 372 839 614 1707 900 1343 0 0 0 0 0 0 0 0 0 0 0 0 0 
2353 1259 177 2893 2247 2505 862 1886 177 3505 372 0 0 0 0 0 0 0 0 0 
2247 2505 862 1886 177 3505 372 2756 900 2397 0 0 0 0 0 0 0 0 0 0 
2506 2505 3148 1728 1627 1886 1755 961 1711 0 0 0 0 0 0 0 0 0 0 0 
3025 1297 1680 7 1491 900 2275 177 902 0 0 0 0 0 0 0 0 0 0 0 
1945 2505 2668 177 1680 7 2357 3644 0 0 0 0 0 0 0 0 0 0 0 0 
2582 961 2554 3448 1728 443 2756 0 0 0 0 0 0 0 0 0 0 0 0 0 
2169 1412 1006 2508 7 206 177 372 2910 1593 0 0 0 0 0 0 0 0 0 0 
10 2169 2228 2505 1684 7 3389 2756 900 0 0 0 0 0 0 0 0 0 0 0 
2169 2874 961 643 2868 2254 1259 2893 3148 0 0 0 0 0 0 0 0 0 0 0 
3148 1518 2505 1549 1631 177 0 0 0 0 0 0 0 0 0 0 0 0 0 0 
1739 1068 248 1659 511 372 1744 1761 1950 0 0 0 0 0 0 0 0 0 0 0 
372 1744 2755 900 2505 961 2885 1297 1435 0 0 0 0 0 0 0 0 0 0 0 
1435 3448 1728 1711 1332 177 0 0 0 0 0 0 0 0 0 0 0 0 0 0 
2108 614 2237 372 1566 159 1737 1336 0 0 0 0 0 0 0 0 0 0 0 0 
2710 2756 900 1599 1599 1711 2893 1739 961 0 0 0 0 0 0 0 0 0 0 0 
1739 7 744 1149 2878 1659 3353 885 0 0 0 0 0 0 0 0 0 0 0 0 
2566 1744 1149 2878 1659 1651 1744 3028 0 0 0 0 0 0 0 0 0 0 0 0 
2505 2260 953 1000 1297 1389 1297 2871 0 0 0 0 0 0 0 0 0 0 0 0 
885 3612 1719 1343 622 1285 2505 0 0 0 0 0 0 0 0 0 0 0 0 0 
1285 2505 3273 3368 7 1739 177 0 0 0 0 0 0 0 0 0 0 0 0 0 
2117 177 27 372 1744 2938 7 2239 2708 0 0 0 0 0 0 0 0 0 0 0 
643 2868 1985 2228 2893 2237 372 1744 0 0 0 0 0 0 0 0 0 0 0 0 
159 793 961 1651 181 2505 2114 0 0 0 0 0 0 0 0 0 0 0 0 0 
3073 1719 1149 2878 961 3518 551 2756 0 0 0 0 0 0 0 0 0 0 0 0 
1541 372 1744 1711 286 1297 0 0 0 0 0 0 0 0 0 0 0 0 0 0 
2073 1744 1406 3526 1330 1744 1659 3698 2167 1593 523 0 0 0 0 0 0 0 0 0 
182 2505 1619 177 327 306 2893 0 0 0 0 0 0 0 0 0 0 0 0 0 
258 1744 1761 2167 1303 843 3180 0 0 0 0 0 0 0 0 0 0 0 0 0 
681 7 1808 1058 177 2888 2874 961 1707 0 0 0 0 0 0 0 0 0 0 0 
1761 1744 2594 2425 961 3383 2247 1171 0 0 0 0 0 0 0 0 0 0 0 0 
2237 2169 2505 1593 961 2074 1659 2474 2016 1719 1728 0 0 0 0 0 0 0 0 0 
529 325 1366 177 2922 529 177 3125 0 0 0 0 0 0 0 0 0 0 0 0 
2034 2588 1406 157 2483 177 3467 900 2228 2171 0 0 0 0 0 0 0 0 0 0 
278 961 885 1278 1728 2505 1541 0 0 0 0 0 0 0 0 0 0 0 0 0 
1821 1068 248 961 3518 2882 1744 0 0 0 0 0 0 0 0 0 0 0 0 0 
142 2505 3268 1659 3518 1932 1950 0 0 0 0 0 0 0 0 0 0 0 0 0 
109 372 1744 2632 1659 761 0 0 0 0 0 0 0 0 0 0 0 0 0 0 
109 372 900 1711 1711 0 0 0 0 0 0 0 0 0 0 0 0 0 0 0 
2769 177 2893 757 843 353 2763 0 0 0 0 0 0 0 0 0 0 0 0 0 
2577 2505 2009 1297 1659 1109 1000 1593 0 0 0 0 0 0 0 0 0 0 0 0 
1329 1719 2531 1961 7 2888 2874 961 0 0 0 0 0 0 0 0 0 0 0 0 
1329 1719 1014 843 2558 0 0 0 0 0 0 0 0 0 0 0 0 0 0 0 
3688 843 3274 1659 885 3194 0 0 0 0 0 0 0 0 0 0 0 0 0 0 
1143 327 3148 1297 823 3627 177 2938 0 0 0 0 0 0 0 0 0 0 0 0 
3688 843 3274 1659 2319 372 0 0 0 0 0 0 0 0 0 0 0 0 0 0 
109 1886 847 900 1180 1659 885 1389 0 0 0 0 0 0 0 0 0 0 0 0 
2652 1744 1904 2868 3194 1000 1593 0 0 0 0 0 0 0 0 0 0 0 0 0 
2579 2966 1719 2475 248 961 280 1744 1761 0 0 0 0 0 0 0 0 0 0 0 
3467 1591 2505 1593 961 2390 2505 2893 1800 0 0 0 0 0 0 0 0 0 0 0 
2648 1744 536 2247 2893 1761 3035 163 2479 900 2868 0 0 0 0 0 0 0 0 0 
761 3064 900 1711 0 0 0 0 0 0 0 0 0 0 0 0 0 0 0 0 
2577 177 1000 3448 1562 1728 2153 2756 0 0 0 0 0 0 0 0 0 0 0 0 
2739 1728 15 177 513 847 900 961 2470 0 0 0 0 0 0 0 0 0 0 0 
900 961 2470 531 127 961 3495 2492 0 0 0 0 0 0 0 0 0 0 0 0 
2900 900 482 1215 2505 939 819 7 0 0 0 0 0 0 0 0 0 0 0 0 
939 819 7 615 2199 248 177 513 0 0 0 0 0 0 0 0 0 0 0 0 
248 177 513 847 1744 1773 372 900 961 1853 0 0 0 0 0 0 0 0 0 0 
327 2874 1297 1372 2247 1297 813 1744 1761 0 0 0 0 0 0 0 0 0 0 0 
1225 2505 3110 1297 2836 177 0 0 0 0 0 0 0 0 0 0 0 0 0 0 
2237 1886 847 900 3268 643 1728 1349 1950 0 0 0 0 0 0 0 0 0 0 0 
1630 2505 1149 2878 961 3518 280 1744 1761 0 0 0 0 0 0 0 0 0 0 0 
1064 2505 3461 177 2237 1886 2708 1744 2225 0 0 0 0 0 0 0 0 0 0 0 
839 2893 3156 3626 1297 943 2167 0 0 0 0 0 0 0 0 0 0 0 0 0 
1079 1505 2505 3204 177 1838 1068 0 0 0 0 0 0 0 0 0 0 0 0 0 
120 885 1950 961 1705 2505 1072 961 0 0 0 0 0 0 0 0 0 0 0 0 
1739 2893 3092 3412 2508 1297 315 1950 0 0 0 0 0 0 0 0 0 0 0 0 
27 372 1744 2655 3288 1870 3263 1297 2505 0 0 0 0 0 0 0 0 0 0 0 
29 2167 1961 961 1651 1961 721 0 0 0 0 0 0 0 0 0 0 0 0 0 
643 2868 2276 177 3576 2701 177 0 0 0 0 0 0 0 0 0 0 0 0 0 
2012 2763 961 1773 428 1744 1000 1593 0 0 0 0 0 0 0 0 0 0 0 0 
3598 1149 2878 1659 3518 885 1950 372 0 0 0 0 0 0 0 0 0 0 0 0 
839 1659 1670 2505 2016 52 0 0 0 0 0 0 0 0 0 0 0 0 0 0 
1670 2505 2016 52 52 0 0 0 0 0 0 0 0 0 0 0 0 0 0 0 
825 961 885 1011 177 732 1297 1904 0 0 0 0 0 0 0 0 0 0 0 0 
3359 2893 1945 7 714 3425 2626 121 0 0 0 0 0 0 0 0 0 0 0 0 
1435 3448 1728 3156 7 3129 2505 961 0 0 0 0 0 0 0 0 0 0 0 0 
2888 2874 961 1707 1744 3241 961 739 1297 0 0 0 0 0 0 0 0 0 0 0 
2198 1761 2756 900 1488 3148 2505 2410 177 1557 0 0 0 0 0 0 0 0 0 0 
2636 961 10 372 1744 1761 1744 2762 1259 0 0 0 0 0 0 0 0 0 0 0 
529 3636 177 3390 177 2354 1870 1869 0 0 0 0 0 0 0 0 0 0 0 0 
1739 1068 248 1659 3518 885 1950 372 0 0 0 0 0 0 0 0 0 0 0 0 
3364 177 892 1744 1904 2868 3518 2505 0 0 0 0 0 0 0 0 0 0 0 0 
248 961 85 1789 1886 847 1744 1149 839 372 0 0 0 0 0 0 0 0 0 0 
3156 7 2268 749 3572 0 0 0 0 0 0 0 0 0 0 0 0 0 0 0 
1538 1259 177 318 1538 0 0 0 0 0 0 0 0 0 0 0 0 0 0 0 
1705 1297 1659 1961 7 3060 1744 1546 2756 900 0 0 0 0 0 0 0 0 0 0 
287 177 902 2505 1659 2577 2505 3227 1728 159 0 0 0 0 0 0 0 0 0 0 
2241 961 1904 933 177 2893 2596 372 0 0 0 0 0 0 0 0 0 0 0 0 
1629 2505 2247 1297 1113 372 1744 1761 1950 0 0 0 0 0 0 0 0 0 0 0 
3688 843 996 1297 2893 386 1018 0 0 0 0 0 0 0 0 0 0 0 0 0 
248 1659 372 1744 1904 1728 1434 1297 3695 1886 0 0 0 0 0 0 0 0 0 0 
1124 3268 1297 875 3072 339 1744 0 0 0 0 0 0 0 0 0 0 0 0 0 
1886 847 1744 1904 347 1297 1604 3024 1593 0 0 0 0 0 0 0 0 0 0 0 
1329 177 2711 974 1905 3049 961 0 0 0 0 0 0 0 0 0 0 0 0 0 
380 2505 1739 2878 1659 885 3194 0 0 0 0 0 0 0 0 0 0 0 0 0 
1297 1533 1719 3148 1297 2237 372 2943 1728 0 0 0 0 0 0 0 0 0 0 0 
1230 1659 612 1566 1744 1000 1593 0 0 0 0 0 0 0 0 0 0 0 0 0 
3688 1659 327 2868 1109 1000 2479 0 0 0 0 0 0 0 0 0 0 0 0 0 
3148 2213 1659 339 1744 1761 900 2505 961 2175 1728 0 0 0 0 0 0 0 0 0 
339 1744 1761 900 2505 961 2175 1728 2153 1950 0 0 0 0 0 0 0 0 0 0 
3323 3147 2264 1242 1491 2910 3323 7 150 0 0 0 0 0 0 0 0 0 0 0 
3424 1491 2910 3323 7 150 2874 961 428 0 0 0 0 0 0 0 0 0 0 0 
1761 1744 1265 448 1297 2893 3516 2167 0 0 0 0 0 0 0 0 0 0 0 0 
3503 2756 900 961 3091 2167 3323 961 0 0 0 0 0 0 0 0 0 0 0 0 
2167 3323 961 885 2991 177 1317 372 0 0 0 0 0 0 0 0 0 0 0 0 
1739 1068 248 2763 1659 885 1000 2479 0 0 0 0 0 0 0 0 0 0 0 0 
1487 3366 177 866 961 511 372 1744 1761 2756 0 0 0 0 0 0 0 0 0 0 
3247 2513 248 177 630 2756 900 1599 2390 0 0 0 0 0 0 0 0 0 0 0 
3528 2878 7 2955 2874 961 1707 2756 900 0 0 0 0 0 0 0 0 0 0 0 
45 1068 843 3078 961 511 372 0 0 0 0 0 0 0 0 0 0 0 0 0 
2871 2505 3323 961 803 3503 1950 0 0 0 0 0 0 0 0 0 0 0 0 0 
2351 177 3365 177 2817 961 0 0 0 0 0 0 0 0 0 0 0 0 0 0 
2655 1398 1566 1604 1000 1593 0 0 0 0 0 0 0 0 0 0 0 0 0 0 
2748 860 2505 3569 1659 1551 372 1744 1761 2756 0 0 0 0 0 0 0 0 0 0 
3696 842 3148 1728 2159 3285 2479 0 0 0 0 0 0 0 0 0 0 0 0 0 
3518 2505 2878 961 280 1744 1761 1744 1961 0 0 0 0 0 0 0 0 0 0 0 
207 1836 586 1744 533 2347 1318 0 0 0 0 0 0 0 0 0 0 0 0 0 
2929 1593 961 1739 1505 177 2893 0 0 0 0 0 0 0 0 0 0 0 0 0 
2807 2505 1684 2893 3194 1492 847 0 0 0 0 0 0 0 0 0 0 0 0 0 
2366 177 2598 372 2910 1593 1599 1743 0 0 0 0 0 0 0 0 0 0 0 0 
2582 1659 612 2166 900 372 2247 1659 0 0 0 0 0 0 0 0 0 0 0 0 
839 843 218 2947 155 3092 0 0 0 0 0 0 0 0 0 0 0 0 0 0 
3537 2159 3285 177 3144 1886 847 2756 900 0 0 0 0 0 0 0 0 0 0 0 
2816 843 401 2763 1659 1860 1744 1904 0 0 0 0 0 0 0 0 0 0 0 0 
2794 381 2073 1744 1359 1659 3024 3448 372 0 0 0 0 0 0 0 0 0 0 0 
347 1719 699 3412 1266 961 3024 1297 2065 961 0 0 0 0 0 0 0 0 0 0 
3156 177 1811 306 961 885 1265 0 0 0 0 0 0 0 0 0 0 0 0 0 
2943 2868 1541 177 1659 2237 372 1744 0 0 0 0 0 0 0 0 0 0 0 0 
2247 2505 862 1886 1728 1836 2492 1744 287 177 2000 0 0 0 0 0 0 0 0 0 
1961 721 1719 2868 3651 2893 3671 1593 0 0 0 0 0 0 0 0 0 0 0 0 
996 2276 2505 3148 961 885 0 0 0 0 0 0 0 0 0 0 0 0 0 0 
3597 372 1591 2868 3194 1000 1593 0 0 0 0 0 0 0 0 0 0 0 0 0 
791 2169 3139 1659 2888 2874 961 0 0 0 0 0 0 0 0 0 0 0 0 0 
1178 2505 1149 2878 961 3518 280 1744 1761 0 0 0 0 0 0 0 0 0 0 0 
1886 961 443 26 1950 961 3142 1967 1659 819 0 0 0 0 0 0 0 0 0 0 
2836 1297 2137 2167 2505 961 1711 0 0 0 0 0 0 0 0 0 0 0 0 0 
760 2505 3612 2780 2893 2719 0 0 0 0 0 0 0 0 0 0 0 0 0 0 
2217 1289 372 1744 1744 1659 31 529 177 786 1707 0 0 0 0 0 0 0 0 0 
3668 2505 844 961 2073 1289 372 1744 2972 0 0 0 0 0 0 0 0 0 0 0 
3402 900 1593 961 2295 961 2178 3079 0 0 0 0 0 0 0 0 0 0 0 0 
2583 372 1744 2354 1711 1711 0 0 0 0 0 0 0 0 0 0 0 0 0 0 
2237 2169 2874 177 892 1744 1761 900 2868 386 0 0 0 0 0 0 0 0 0 0 
2377 7 3667 1744 2850 2505 2596 0 0 0 0 0 0 0 0 0 0 0 0 0 
1389 2479 900 3172 534 47 177 3612 0 0 0 0 0 0 0 0 0 0 0 0 
983 372 1744 1950 3172 1739 7 3389 177 1609 0 0 0 0 0 0 0 0 0 0 
1761 1744 3194 2711 372 2756 900 1599 1599 1599 787 177 0 0 0 0 0 0 0 0 
208 177 159 2505 1297 2893 2167 2016 1728 983 372 1744 0 0 0 0 0 0 0 0 
159 2505 1297 2893 2167 2016 1728 983 372 1744 1761 1950 0 0 0 0 0 0 0 0 
1669 2893 1967 7 198 177 809 1744 0 0 0 0 0 0 0 0 0 0 0 0 
182 843 1053 961 280 1591 2563 2763 0 0 0 0 0 0 0 0 0 0 0 0 
159 381 1297 3079 1945 177 1739 177 0 0 0 0 0 0 0 0 0 0 0 0 
1225 7 3186 974 2505 1297 2893 2167 0 0 0 0 0 0 0 0 0 0 0 0 
3389 966 892 1744 1904 2868 1711 0 0 0 0 0 0 0 0 0 0 0 0 0 
1332 2505 1069 2893 205 3276 1336 0 0 0 0 0 0 0 0 0 0 0 0 0 
638 164 900 388 371 1692 0 0 0 0 0 0 0 0 0 0 0 0 0 0 
2836 2505 2228 2893 1553 1404 2505 0 0 0 0 0 0 0 0 0 0 0 0 0 
902 829 177 2583 372 1744 1904 2208 961 372 1950 0 0 0 0 0 0 0 0 0 
2459 900 1593 1599 787 177 327 2780 0 0 0 0 0 0 0 0 0 0 0 0 
2255 1321 2505 2453 7 765 1744 386 2756 900 0 0 0 0 0 0 0 0 0 0 
529 1240 1769 1744 3409 1412 582 2368 0 0 0 0 0 0 0 0 0 0 0 0 
1821 7 162 1744 2508 1297 618 2016 2819 0 0 0 0 0 0 0 0 0 0 0 
1225 177 3469 2714 177 1403 3461 177 0 0 0 0 0 0 0 0 0 0 0 0 
1739 2505 1630 961 1905 1297 991 1659 0 0 0 0 0 0 0 0 0 0 0 0 
3201 372 3691 3412 2583 372 648 1744 0 0 0 0 0 0 0 0 0 0 0 0 
3518 2505 3078 961 592 0 0 0 0 0 0 0 0 0 0 0 0 0 0 0 
3390 2247 961 1651 1133 2983 177 3390 0 0 0 0 0 0 0 0 0 0 0 0 
432 2505 177 2582 2505 347 1719 2938 177 2129 0 0 0 0 0 0 0 0 0 0 
2736 177 327 882 673 725 2505 1691 0 0 0 0 0 0 0 0 0 0 0 0 
205 2724 1259 2893 282 2784 1593 961 0 0 0 0 0 0 0 0 0 0 0 0 
1538 347 177 892 900 1728 1827 3268 961 0 0 0 0 0 0 0 0 0 0 0 
1904 2874 1659 885 3156 177 146 3072 0 0 0 0 0 0 0 0 0 0 0 0 
1719 2475 961 643 2868 1491 2910 3323 961 0 0 0 0 0 0 0 0 0 0 0 
643 2868 1491 2910 3323 961 2100 177 0 0 0 0 0 0 0 0 0 0 0 0 
327 1428 2579 2966 1719 2475 248 961 2635 0 0 0 0 0 0 0 0 0 0 0 
878 2505 2131 1297 3615 2596 372 0 0 0 0 0 0 0 0 0 0 0 0 0 
1593 1599 1680 2857 479 1659 2890 0 0 0 0 0 0 0 0 0 0 0 0 0 
1711 1332 177 327 1246 0 0 0 0 0 0 0 0 0 0 0 0 0 0 0 
3392 961 372 1591 2868 2831 81 847 1950 0 0 0 0 0 0 0 0 0 0 0 
2483 3300 2701 177 830 109 0 0 0 0 0 0 0 0 0 0 0 0 0 0 
2888 2874 961 1707 1744 1201 177 1000 1593 0 0 0 0 0 0 0 0 0 0 0 
636 961 2692 3024 177 3390 2756 900 0 0 0 0 0 0 0 0 0 0 0 0 
900 1599 3691 3072 2706 177 902 656 0 0 0 0 0 0 0 0 0 0 0 0 
3024 1719 2505 1593 961 3397 2505 1111 1297 1659 0 0 0 0 0 0 0 0 0 0 
839 1659 1707 1744 2438 372 1744 1761 1950 0 0 0 0 0 0 0 0 0 0 0 
839 1659 428 1744 1201 177 1000 1593 0 0 0 0 0 0 0 0 0 0 0 0 
2073 1744 1491 2167 1728 3612 7 1589 26 0 0 0 0 0 0 0 0 0 0 0 
1491 2167 1728 3612 7 1589 26 2167 1718 0 0 0 0 0 0 0 0 0 0 0 
100 961 1551 1886 847 1744 2655 1000 0 0 0 0 0 0 0 0 0 0 0 0 
885 3630 1491 2858 2505 1659 1000 2479 0 0 0 0 0 0 0 0 0 0 0 0 
3359 2893 2706 2260 1659 1711 0 0 0 0 0 0 0 0 0 0 0 0 0 0 
286 2505 566 961 2143 443 1950 0 0 0 0 0 0 0 0 0 0 0 0 0 
1259 1659 36 1987 961 2160 177 3390 3035 163 0 0 0 0 0 0 0 0 0 0 
2989 248 961 3518 885 2756 900 0 0 0 0 0 0 0 0 0 0 0 0 0 
218 2169 2983 961 511 372 1744 1761 2756 0 0 0 0 0 0 0 0 0 0 0 
3079 240 843 1955 1659 1905 1297 2835 2505 0 0 0 0 0 0 0 0 0 0 0 
1904 1863 2893 2672 2893 1435 0 0 0 0 0 0 0 0 0 0 0 0 0 0 
732 1297 2910 900 2228 177 2237 372 1744 1761 2756 0 0 0 0 0 0 0 0 0 
3025 1297 218 7 372 2756 900 961 134 1149 0 0 0 0 0 0 0 0 0 0 
3364 961 761 892 900 3347 1719 0 0 0 0 0 0 0 0 0 0 0 0 0 
353 1728 1149 2878 1659 1905 1297 94 1769 0 0 0 0 0 0 0 0 0 0 0 
182 843 2645 2763 245 961 0 0 0 0 0 0 0 0 0 0 0 0 0 0 
2271 2505 2843 1659 2223 1707 2756 900 0 0 0 0 0 0 0 0 0 0 0 0 
680 2893 1600 7 872 1744 286 7 0 0 0 0 0 0 0 0 0 0 0 0 
2169 2247 961 3402 900 347 1719 2208 961 2169 0 0 0 0 0 0 0 0 0 0 
1739 7 3389 2013 1744 1659 3138 0 0 0 0 0 0 0 0 0 0 0 0 0 
839 961 974 1359 1659 643 2868 0 0 0 0 0 0 0 0 0 0 0 0 0 
691 1593 961 3612 2038 843 2780 2763 0 0 0 0 0 0 0 0 0 0 0 0 
3707 2763 3092 3412 2055 2983 177 3390 0 0 0 0 0 0 0 0 0 0 0 0 
2888 3619 961 1922 3148 3448 1728 2153 1950 0 0 0 0 0 0 0 0 0 0 0 
3467 900 1259 2893 1113 372 1744 1761 2756 0 0 0 0 0 0 0 0 0 0 0 
180 2505 891 3619 177 280 900 961 0 0 0 0 0 0 0 0 0 0 0 0 
3688 1297 2211 845 2167 1171 0 0 0 0 0 0 0 0 0 0 0 0 0 0 
1102 7 2276 177 3576 2874 961 0 0 0 0 0 0 0 0 0 0 0 0 0 
1225 2505 477 1092 1719 3620 177 0 0 0 0 0 0 0 0 0 0 0 0 0 
3096 961 1707 1950 1599 458 1719 3364 0 0 0 0 0 0 0 0 0 0 0 0 
1739 1068 248 1297 2945 1744 1314 1950 0 0 0 0 0 0 0 0 0 0 0 0 
1225 7 477 1728 372 900 1739 961 0 0 0 0 0 0 0 0 0 0 0 0 
2807 2505 3323 1659 327 2868 1992 2505 961 0 0 0 0 0 0 0 0 0 0 0 
3518 2505 2734 961 2815 0 0 0 0 0 0 0 0 0 0 0 0 0 0 0 
2366 177 2276 7 3060 1744 526 0 0 0 0 0 0 0 0 0 0 0 0 0 
1739 7 150 177 1659 994 943 26 0 0 0 0 0 0 0 0 0 0 0 0 
432 2868 2276 7 2237 2169 0 0 0 0 0 0 0 0 0 0 0 0 0 0 
1711 286 177 1659 1149 2878 961 85 0 0 0 0 0 0 0 0 0 0 0 0 
1735 1593 961 2319 1472 961 612 3035 0 0 0 0 0 0 0 0 0 0 0 0 
1982 1728 2776 177 892 900 3587 1068 0 0 0 0 0 0 0 0 0 0 0 0 
2543 961 2332 2721 1456 1728 3569 0 0 0 0 0 0 0 0 0 0 0 0 0 
1037 1886 847 900 347 1297 2384 1708 961 0 0 0 0 0 0 0 0 0 0 0 
347 1297 2384 1708 961 3108 347 177 892 0 0 0 0 0 0 0 0 0 0 0 
2127 1297 1225 177 3467 900 2228 177 2893 0 0 0 0 0 0 0 0 0 0 0 
1121 817 103 7 1181 1886 847 1744 1761 1744 0 0 0 0 0 0 0 0 0 0 
817 103 7 1181 1886 847 1744 1761 1744 3194 0 0 0 0 0 0 0 0 0 0 
